3,2
3,1
3,3
10,235
10,175
10,269
10,189
10,271
12,2
12,1
12,3
20,2
20,1
20,3
19,2
19,1
19,3
11,29
11,28
11,27
11,26
11,25
11,24
11,23
11,22
11,21
11,20
11,19
11,18
11,17
11,16
11,15
11,14
11,13
11,12
11,11
11,10
11,9
11,8
11,7
11,6
11,5
11,4
11,3
11,2
11,1
18,1
11,0
10,95
10,94
10,93
10,92
10,91
10,90
10,89
10,88
10,87
10,86
10,85
10,84
10,83
10,82
10,81
10,80
10,79
10,78
10,77
10,76
10,75
10,74
10,73
10,72
10,71
10,70
10,69
10,68
10,67
10,66
10,65
10,35
10,34
10,33
10,32
10,31
10,30
10,29
18,3
10,28
10,27
10,26
10,25
10,24
10,23
10,22
10,21
